Bluepint 2
 0:  1  0  0  0 -  0  0  0  0
 1:  1  0  0  0 -  1  0  0  0
 2:  1  0  0  0 -  2  0  0  0  2:  1  0  0  0 -  2  0  0  0 
 3:  1  0  0  0 -  3  0  0  0  3:  2  0  0  0 -  1  0  0  0 
 4:  1  1  0  0 -  1  0  0  0  4:  2  0  0  0 -  3  0  0  0
 5:  1  1  0  0 -  2  1  0  0  5:  2  1  0  0 -  2  0  0  0
 6:  1  1  0  0 -  3  2  0  0  6:  2  1  0  0 -  4  1  0  0
 7:  1  2  0  0 -  1  3  0  0
 8:  1  2  0  0 -  2  5  0  0
 9:  1  2  0  0 -  3  7  0  0

 Bluepint 1
 0:  1  0  0  0 -  0  0  0  0
 1:  1  0  0  0 -  1  0  0  0
 2:  1  0  0  0 -  2  0  0  0
 3:  1  1  0  0 -  1  0  0  0
 4:  1  1  0  0 -  2  1  0  0
 5:  1  2  0  0 -  1  2  0  0
 6:  1  2  0  0 -  2  4  0  0
 7:  1  3  0  0 -  1  6  0  0
 8:  1  3  0  0 -  2  9  0  0
 9:  1  3  0  0 -  3 12  0  0
10:  1  3  0  0 -  4 15  0  0
11:  1  3  1  0 -  2  4  0  0
12:  1  4  1  0 -  1  7  1  0
13:  1  4  1  0 -  2 11  2  0
14:  1  4  1  0 -  3 15  3  0
15:  1  4  2  0 -  1  5  4  0
16:  1  4  2  0 -  2  9  6  0
17:  1  4  2  0 -  3 13  8  0
18:  1  4  2  1 -  2 17  3  0
19:  1  4  2  1 -  3 21  5  1
20:  1  4  2  1 -  4 25  7  2
21:  1  4  2  2 -  3 29  2  3
22:  1  4  3  2 -  1 19  4  5
23:  1  4  3  2 -  2 23  7  7
24:  1  4  3  2 -  3 27 10  9

 0:  1  0  0  0 -  0  0  0  0
 4:  1  1  0  0 -  1  0  0  0
 7:  1  2  0  0 -  1  3  0  0
10:  1  3  0  0 -  1  9  0  0
13:  1  3  1  0 -  1 10  0  0

 0:  1  0  0  0 -  0  0  0  0
 3:  2  0  0  0 -  1  0  0  0
 5:  2  1  0  0 -  2  0  0  0
 7:  2  2  0  0 -  3  2  0  0
 8:  2  3  0  0 -  2  4  0  0

17:  2  7  3  0 -  2  7  4  0
19:  2  7  4  0 -  3  7 10  0
20:  2  7  4  1 -  3 14  7  0
21:  2  7  5  1 -  2  7 11  1
22:  2  7  5  2 -  2 14  9  2
23:  2  7  5  3 -  2 21  7  4
24:  2  7  5  4 -  2 28  5  7
26:  2  7  5  5 -  4 42  8 15
27:  2  7  5  6 -  4 49  6 20
29:  2  7  5  7 -  6 63  9 32
30:  2  7  5  8 -  6 70  7 39
31:  2  7  5  9 -  6 77  5 47
32:  2  7  5  9 -  8 84 10 56 

32:  2  7  5  5 - 16 84 37 45
